Date,Positive Total,Positive New,Probable Total,Probable New
1/29/2020,1,1,0,0
1/30/2020,1,0,0,0
1/31/2020,1,0,0,0
2/1/2020,1,0,0,0
2/2/2020,1,0,0,0
2/3/2020,1,0,0,0
2/4/2020,1,0,0,0
2/5/2020,1,0,0,0
2/6/2020,2,1,0,0
2/7/2020,2,0,0,0
2/8/2020,2,0,0,0
2/9/2020,2,0,0,0
2/10/2020,2,0,0,0
2/11/2020,2,0,0,0
2/12/2020,2,0,0,0
2/13/2020,2,0,0,0
2/14/2020,2,0,0,0
2/15/2020,2,0,0,0
2/16/2020,2,0,0,0
2/17/2020,2,0,0,0
2/18/2020,2,0,0,0
2/19/2020,2,0,0,0
2/20/2020,2,0,0,0
2/21/2020,2,0,0,0
2/22/2020,2,0,0,0
2/23/2020,2,0,0,0
2/24/2020,2,0,0,0
2/25/2020,2,0,0,0
2/26/2020,2,0,0,0
2/27/2020,2,0,0,0
2/28/2020,2,0,0,0
2/29/2020,2,0,0,0
3/1/2020,3,1,3,3
3/2/2020,3,0,5,2
3/3/2020,4,1,8,3
3/4/2020,6,2,9,1
3/5/2020,14,8,12,3
3/6/2020,28,14,12,0
3/7/2020,72,44,15,3
3/8/2020,91,19,20,5
3/9/2020,96,5,24,4
3/10/2020,110,14,30,6
3/11/2020,132,22,35,5
3/12/2020,161,29,39,4
3/13/2020,222,61,44,5
3/14/2020,295,73,48,4
3/15/2020,363,68,54,6
3/16/2020,513,150,57,3
3/17/2020,762,249,65,8
3/18/2020,1021,259,72,7
3/19/2020,1299,278,78,6
3/20/2020,1687,388,88,10
3/21/2020,2008,321,98,10
3/22/2020,2294,286,102,4
3/23/2020,2903,609,113,11
3/24/2020,3621,718,124,11
3/25/2020,4367,746,135,11
3/26/2020,5303,936,139,4
3/27/2020,6246,943,145,6
3/28/2020,6901,655,153,8
3/29/2020,7424,523,158,5
3/30/2020,8662,1238,160,2
3/31/2020,9927,1265,164,4
4/1/2020,11264,1337,169,5
4/2/2020,12542,1278,175,6
4/3/2020,14022,1480,183,8
4/4/2020,15185,1163,189,6
4/5/2020,16161,976,197,8
4/6/2020,18093,1932,203,6
4/7/2020,20115,2022,212,9
4/8/2020,21979,1864,220,8
4/9/2020,23957,1978,231,11
4/10/2020,26011,2054,239,8
4/11/2020,27307,1296,247,8
4/12/2020,28236,929,260,13
4/13/2020,30238,2002,266,6
4/14/2020,33111,2873,271,5
4/15/2020,35711,2600,285,14
4/16/2020,38099,2388,293,8
4/17/2020,41107,3008,311,18
4/18/2020,42589,1482,318,7
4/19/2020,43679,1090,322,4
4/20/2020,46374,2695,335,13
4/21/2020,48569,2195,353,18
4/22/2020,51284,2715,383,30
4/23/2020,53694,2410,410,27
4/24/2020,55977,2283,475,65
4/25/2020,57474,1497,498,23
4/26/2020,58322,848,528,30
4/27/2020,60452,2130,599,71
4/28/2020,62560,2108,662,63
4/29/2020,64750,2190,746,84
4/30/2020,66798,2048,846,100
5/1/2020,68883,2085,941,95
5/2/2020,69915,1032,999,58
5/3/2020,70650,735,1032,33
5/4/2020,72531,1881,1168,136
5/5/2020,74269,1738,1296,128
5/6/2020,75974,1705,1437,141
5/7/2020,77657,1683,1559,122
5/8/2020,79117,1460,1653,94
5/9/2020,79801,684,1685,32
5/10/2020,80187,386,1747,62
5/11/2020,81501,1314,1858,111
5/12/2020,82957,1456,1975,117
5/13/2020,84279,1322,2105,130
5/14/2020,85595,1316,2232,127
5/15/2020,86704,1109,2327,95
5/16/2020,87355,651,2365,38
5/17/2020,87720,365,2411,46
5/18/2020,89039,1319,2511,100
5/19/2020,90121,1082,2633,122
5/20/2020,91144,1023,2739,106
5/21/2020,92124,980,2879,140
5/22/2020,92993,869,2988,109
5/23/2020,93384,391,3025,37
5/24/2020,93686,302,3065,40
5/25/2020,93884,198,3122,57
5/26/2020,94754,870,3222,100
5/27/2020,95450,696,3330,108
5/28/2020,96097,647,3449,119
5/29/2020,96633,536,3542,93
5/30/2020,96905,272,3578,36
5/31/2020,97067,162,3613,35
6/1/2020,97576,509,3678,65
6/2/2020,98023,447,3729,51
6/3/2020,98486,463,3804,75
6/4/2020,98871,385,3856,52
6/5/2020,99213,342,3949,93
6/6/2020,99362,149,3980,31
6/7/2020,99513,151,4000,20
6/8/2020,99870,357,4071,71
6/9/2020,100215,345,4151,80
6/10/2020,100472,257,4252,101
6/11/2020,100701,229,4331,79
6/12/2020,100958,257,4383,52
6/13/2020,101056,98,4402,19
6/14/2020,101132,76,4429,27
6/15/2020,101367,235,4497,68
6/16/2020,101566,199,4555,58
6/17/2020,101814,248,4637,82
6/18/2020,102056,242,4700,63
6/19/2020,102232,176,4752,52
6/20/2020,102326,94,4771,19
6/21/2020,102404,78,4786,15
6/22/2020,102633,229,4846,60
6/23/2020,102820,187,4931,85
6/24/2020,103031,211,4997,66
6/25/2020,103237,206,5071,74
6/26/2020,103437,200,5141,70
6/27/2020,103572,135,5159,18
6/28/2020,103641,69,5178,19
6/29/2020,103841,200,5246,68
6/30/2020,104058,217,5336,90
7/1/2020,104276,218,5446,110
7/2/2020,104501,225,5545,99
7/3/2020,104600,99,5599,54
7/4/2020,104662,62,5612,13
7/5/2020,104762,100,5644,32
7/6/2020,105000,238,5703,59
7/7/2020,105236,236,5812,109
7/8/2020,105447,211,5889,77
7/9/2020,105649,202,5979,90
7/10/2020,105819,170,6116,137
7/11/2020,105899,80,6159,43
7/12/2020,105963,64,6197,38
7/13/2020,106138,175,6285,88
7/14/2020,106280,142,6322,37
7/15/2020,106430,150,6375,53
7/16/2020,106486,56,6390,15
7/17/2020,106487,1,6392,2
